{"size":35,"matrix":[[0,70.03255436168192,64.63294776597213,70.04109406513885,377.7270898149292,381.4609081854317,312.20941481160304,365.55563792081523,450.80765440251537,442.22607955097067,438.69979755647677,397.210606646916,310.67704790156074,429.04566567623226,374.97800617186573,344.71475573309533,271.1826966114763,275.4739396972864,213.6421156924144,200.11919159247861,140.0570477263413,205.22188781296433,134.94259393658058,140.09125060754573,134.976624706976,128.84903966058897,200.40494942397373,210.15104206055912,280.2210970269937,205.35872714274603,348.2797001615041,275.78456594499164,272.38365746770114,338.71796946465713,403.2941580043394],[70.03255436168192,0,91.5168002884372,140.07364842682077,371.4757709383747,354.823200286927,305.95809593504856,379.77920582069567,424.1699465040106,435.9747606744162,452.9233654563572,370.5728987484112,284.039340003056,448.04769097586757,347.9250449811274,277.7198870171281,213.1324939500446,207.4924233904773,207.39079681585991,142.06898893104687,70.02449336465936,137.24037150615527,66.96107762977147,210.12380496922765,161.86047722944105,151.1731870278645,222.72909679124928,280.18359642224107,320.31491733000234,232.2425796652111,375.16355268396916,302.6684184674567,294.7078048349767,361.0421168319326,425.61830537161495],[64.63294776597213,91.5168002884372,0,83.34274036742656,313.09414204895705,316.8279604194596,247.57646704563092,300.9226901548431,386.17470663654325,377.59313178499855,374.06684979050465,332.5776588809439,246.04410013558862,364.41271791026014,310.3450584058936,280.0818079671232,206.54974884550415,210.84099193131428,149.00916792644225,135.48624382650647,146.56318882088692,140.5889400469922,70.30964617060843,140.41167072506386,70.34367694100385,64.21609189461684,135.7720016580016,205.08540095227264,228.79811704156518,140.72577937677391,283.64675239553196,211.1516181790195,207.75070970172902,274.085021698685,338.6612102383673],[70.04109406513885,140.07364842682077,83.34274036742656,0,358.44589468839536,382.45035396873476,292.9282196850693,313.4258820292919,447.73107494237144,422.9448844244369,386.57004166495346,415.9203992483705,329.38684050301515,373.12859022519893,393.6877987733202,363.42454833454974,289.89248921293074,294.18373229874084,232.3519082938688,218.82898419393302,210.09814179148015,223.93168041441876,153.652386538035,70.05015654240688,71.51687536254889,147.55883226204338,148.27519353245043,140.10994799542027,210.18000296185483,141.89897779831895,280.26101382894717,212.32481660056453,220.25390157617784,282.80089401362375,347.377082553306],[377.7270898149292,371.4757709383747,313.09414204895705,358.44589468839536,0,70.6846708473608,65.51767500332612,70.60293719066112,89.28518025397607,64.49898973604151,82.87670210094657,142.0420997428123,141.46853113123177,138.87142234583303,205.76948940153676,225.72020524576118,212.37537718424318,279.7337453792783,164.08497412251478,229.40678200732782,372.78091765179533,295.6687908408978,304.5146933086032,356.9970131099065,286.92901932584647,248.8780501543402,210.17070115594498,339.712845859163,280.4096486858027,275.3532242836643,224.04097575924956,211.40106485192263,138.19199311221752,141.13733438892598,205.7135229286083],[381.4609081854317,354.823200286927,316.8279604194596,382.45035396873476,70.6846708473608,0,89.52213428366548,141.28760803802192,69.34674621708365,135.18366058340231,153.5613729483074,71.3574288954515,70.78386028387096,209.55609319319382,135.08481855417597,155.0355343984004,141.69070633688239,209.04907453191748,167.81879249301733,212.7542113558801,348.5089124684458,279.0162201894501,287.8621226571555,381.00147239024585,310.9334786061859,252.61186852484275,234.17516043628433,363.71730513950234,304.41410796614207,299.35768356400365,294.7256466066104,235.40552413226197,162.1964523925569,211.82200523628677,276.3981937759691],[312.20941481160304,305.95809593504856,247.57646704563092,292.9282196850693,65.51767500332612,89.52213428366548,0,73.82110988564712,154.80285525730218,130.01666473936763,146.96526952130864,160.87956317911699,122.9585046700595,142.089595040819,187.25946294036447,207.21017878458895,169.0646711520203,236.4230393470554,98.56729911918865,163.8891070040017,307.2632426484692,230.15111583757172,238.9970183052771,291.47933810658037,221.41134432252036,183.36037515101407,144.65302615261885,274.19517085583686,214.8919736824766,209.8355492803382,218.37852406510896,145.8833898485965,72.67431810889141,139.00863010584737,203.58481864552968],[365.55563792081523,379.77920582069567,300.9226901548431,313.4258820292919,70.60293719066112,141.28760803802192,73.82110988564712,0,159.8881174446372,135.10192692670262,73.14415963566154,212.64503693347342,196.77961455570662,68.2684851551719,261.0805728260116,281.03128867023605,242.8857810376674,310.2441492327025,172.38840900483575,237.7102168896488,381.0843525341163,303.97222572321886,312.8181281909242,297.2857347335241,241.90900666674304,236.70659826022626,165.1506884968415,275.79593498906837,210.01905844520417,211.43631341356968,153.43803856858844,141.01047461132407,93.17198045311407,70.53439719826487,135.1105857379472],[450.80765440251537,424.1699465040106,386.17470663654325,447.73107494237144,89.28518025397607,69.34674621708365,154.80285525730218,159.8881174446372,0,70.14913796475776,140.28252232031406,70.16622716911274,140.13060650095463,210.401337516301,140.3510572267906,210.55621519078994,211.03745255396603,278.39582074900113,237.16553871010098,282.10095757296375,417.8556586855295,348.36296640653376,357.20886887423916,446.2821933638826,376.21419957982255,321.9586147419264,299.45588140992106,428.9980261131391,369.6948289397788,364.6384045376404,313.3261560132256,300.6862451058987,227.4771733661936,230.42251464290206,280.5066388821272],[442.22607955097067,435.9747606744162,377.59313178499855,422.9448844244369,64.49898973604151,135.18366058340231,130.01666473936763,135.10192692670262,70.14913796475776,0,70.13338435555632,140.3153651338705,205.96752086727327,140.25219955154324,210.50019519154836,280.7053531555477,276.8743669202847,344.23273511531977,228.58396385855627,293.9057717433693,437.27990738783683,360.1677805769393,369.0136830446447,421.496002845948,351.42800906188796,313.3770398903817,274.6696908919865,404.2118355952045,344.9086384218442,339.8522140197058,280.4502328100945,275.9000545879641,202.690982848259,205.63632412496747,210.35750091736946],[438.69979755647677,452.9233654563572,374.06684979050465,386.57004166495346,82.87670210094657,153.5613729483074,146.96526952130864,73.14415963566154,140.28252232031406,70.13338435555632,0,210.4487494894268,224.34523323217834,70.11881519598693,280.63357954710466,308.5969073467078,295.2520792851898,362.6104474802248,245.5325686404973,310.85437652531033,454.22851216977784,377.1163853588804,385.96228782658574,370.42989436918566,315.0531663024046,309.8507578958878,238.29484813250303,348.9400946247299,280.3978593216305,284.5804730492312,210.31684845453822,214.1546342469856,166.31614008877563,143.6785568339264,140.22411656181316],[397.210606646916,370.5728987484112,332.5776588809439,415.9203992483705,142.0420997428123,71.3574288954515,160.87956317911699,212.64503693347342,70.16622716911274,140.3153651338705,210.4487494894268,0,86.53355874535524,280.56756468541374,70.18483005767787,140.3899880216772,157.44040479836664,210.61745164832797,183.5684909545016,228.50390981736436,350.07728958485626,280.86950353265007,303.6118211186398,422.1901213376161,352.1221275535561,268.36156698632703,291.020719563435,420.56286426665315,375.7715368615936,356.2032426911544,366.0830755020619,306.7629530277135,233.5538812880084,283.1794341317383,347.7556226714206],[310.67704790156074,284.039340003056,246.04410013558862,329.38684050301515,141.46853113123177,70.78386028387096,122.9585046700595,196.77961455570662,140.13060650095463,205.96752086727327,224.34523323217834,86.53355874535524,0,265.0480997108785,64.30095827030499,84.25167411452944,70.9068460530114,138.26521424804653,97.03493220914638,141.97035107200912,277.72505218457485,208.23235990557916,217.07826237328453,335.6565625922609,265.5885688082009,181.82800824097177,204.48716081807981,334.02930552129794,337.8504783525361,269.6696839457992,341.3370287351685,268.841894518656,195.63282277895092,261.96713477590686,326.5433233155892],[429.04566567623226,448.04769097586757,364.41271791026014,373.12859022519893,138.87142234583303,209.55609319319382,142.089595040819,68.2684851551719,210.401337516301,140.25219955154324,70.11881519598693,280.56756468541374,265.0480997108785,0,329.3490579811835,349.29977382540795,311.1542661928393,378.5126343878744,240.65689416000765,305.9787020448207,449.3528376892882,372.24071087839076,381.0866133460961,317.0790337468344,301.61171486265,300.1966260156433,228.64071625225853,280.3490990920782,210.27904412564357,231.22961242687995,140.19803325855128,160.80377362463435,156.6620082085311,90.32769621157514,70.10530136582624],[374.97800617186573,347.9250449811274,310.3450584058936,393.6877987733202,205.76948940153676,135.08481855417597,187.25946294036447,261.0805728260116,140.3510572267906,210.50019519154836,280.63357954710466,70.18483005767787,64.30095827030499,329.3490579811835,0,70.20515796399934,135.2078043233164,140.43262159065011,161.33589047945136,206.2713093423141,279.8924595271784,210.6846734749722,280.96396735135596,399.9575208625659,329.88952707850586,246.12896651127676,268.7881190883848,398.33026379160293,402.15143662284106,333.9706422161042,405.63798700547346,333.14285278896097,259.9337810492559,326.26809304621185,390.8442815858942],[344.71475573309533,277.7198870171281,280.0818079671232,363.42454833454974,225.72020524576118,155.0355343984004,207.21017878458895,281.03128867023605,210.55621519078994,280.7053531555477,308.5969073467078,140.3899880216772,84.25167411452944,349.29977382540795,70.20515796399934,0,73.53205912161903,70.22746362665077,144.02943115445066,144.59556414061672,209.6873015631791,140.47951551097285,210.75880938735662,369.6942704237955,299.62627663973547,215.86571607250636,251.48165976338413,381.0238044666022,402.361327655326,316.66418289110345,405.8478780379585,333.352743821446,260.1436720817409,326.47798407869686,391.0541726183792],[271.1826966114763,213.1324939500446,206.54974884550415,289.89248921293074,212.37537718424318,141.69070633688239,169.0646711520203,242.8857810376674,211.03745255396603,276.8743669202847,295.2520792851898,157.44040479836664,70.9068460530114,311.1542661928393,135.2078043233164,73.53205912161903,0,67.35836819503513,70.49737203283165,71.0635050189977,206.81820613156344,137.32551385256775,146.17141632027312,296.16221130217644,226.0942175181164,142.33365695088733,177.9496006417651,307.4917453449832,328.829268533707,243.13212376948445,332.3158189163394,259.820684699827,186.61161296012187,252.9459249570778,317.52211349676014],[275.4739396972864,207.4924233904773,210.84099193131428,294.18373229874084,279.7337453792783,209.04907453191748,236.4230393470554,310.2441492327025,278.39582074900113,344.23273511531977,362.6104474802248,210.61745164832797,138.26521424804653,378.5126343878744,140.43262159065011,70.22746362665077,67.35836819503513,0,137.85574022786676,95.70089727571411,139.45983793652832,70.25205188432207,140.53134576070585,320.79960355889284,250.7316097748328,166.97104920760376,238.52695897098852,368.0691036742066,391.78181976349913,303.7094820987079,399.6741871113745,327.17905289486214,253.969981155157,320.3042931521129,384.88048169179524],[213.6421156924144,207.39079681585991,149.00916792644225,232.3519082938688,164.08497412251478,167.81879249301733,98.56729911918865,172.38840900483575,237.16553871010098,228.58396385855627,245.5325686404973,183.5684909545016,97.03493220914638,240.65689416000765,161.33589047945136,144.02943115445066,70.49737203283165,137.85574022786676,0,65.32180788481303,208.69594352928056,131.58381671838308,140.42971918608845,238.6216303831145,168.55363659905447,84.79307603182541,107.45222860893345,236.99437331215154,258.33189650087536,172.6347517366528,261.81844688350776,189.32331266699532,116.11424092729021,182.44855292424614,247.02474146392848],[200.11919159247861,142.06898893104687,135.48624382650647,218.82898419393302,229.40678200732782,212.7542113558801,163.8891070040017,237.7102168896488,282.10095757296375,293.9057717433693,310.85437652531033,228.50390981736436,141.97035107200912,305.9787020448207,206.2713093423141,144.59556414061672,71.0635050189977,95.70089727571411,65.32180788481303,0,143.37413564446751,66.26200883357005,75.10791130127542,225.09870628317873,155.0307124991187,71.27015193188963,142.8260616952744,272.3682063984925,296.080922487785,208.00858482299378,305.82671648693776,233.33158227042532,181.43604881210325,247.77036080905918,312.3465493487415],[140.0570477263413,70.02449336465936,146.56318882088692,210.09814179148015,372.78091765179533,348.5089124684458,307.2632426484692,381.0843525341163,417.8556586855295,437.27990738783683,454.22851216977784,350.07728958485626,277.72505218457485,449.3528376892882,279.8924595271784,209.6873015631791,206.81820613156344,139.45983793652832,208.69594352928056,143.37413564446751,0,77.11212681089748,76.25354265027848,280.148298333887,216.90686576189074,160.4656520483715,232.02156181175627,350.2080897869004,375.36130586245207,287.28896819766084,395.0222166034196,322.5270823869072,304.0002698554837,370.3345818524396,434.91077039212195],[205.22188781296433,137.24037150615527,140.5889400469922,223.93168041441876,295.6687908408978,279.0162201894501,230.15111583757172,303.97222572321886,348.36296640653376,360.1677805769393,377.1163853588804,280.86950353265007,208.23235990557916,372.24071087839076,210.6846734749722,140.47951551097285,137.32551385256775,70.25205188432207,131.58381671838308,66.26200883357005,77.11212681089748,0,70.27929387638379,281.00061077205606,210.93261698799608,137.53216076545968,209.08807052884447,338.63021523206254,362.3429313213551,274.27059365656385,372.0887253205078,299.5935911039954,247.69805764567332,314.03236964262925,378.6085581823116],[134.94259393658058,66.96107762977147,70.30964617060843,153.652386538035,304.5146933086032,287.8621226571555,238.9970183052771,312.8181281909242,357.20886887423916,369.0136830446447,385.96228782658574,303.6118211186398,217.07826237328453,381.0866133460961,280.96396735135596,210.75880938735662,146.17141632027312,140.53134576070585,140.42971918608845,75.10791130127542,76.25354265027848,70.27929387638379,0,210.7213168956723,140.65332311161228,84.21210939809302,155.7680191614778,275.39504712288107,299.1077632121736,211.03542554738235,318.76867395314116,246.2735397366287,227.74672720520522,294.08103920216115,358.6572277418435],[140.09125060754573,210.12380496922765,140.41167072506386,70.05015654240688,356.9970131099065,381.00147239024585,291.47933810658037,297.2857347335241,446.2821933638826,421.496002845948,370.42989436918566,422.1901213376161,335.6565625922609,317.0790337468344,399.9575208625659,369.6942704237955,296.16221130217644,320.79960355889284,238.6216303831145,225.09870628317873,280.148298333887,281.00061077205606,210.7213168956723,0,70.06799378406001,153.82855435128909,146.82631195396152,70.05979145301337,140.12984641944794,85.84942131995449,210.21085728654026,156.27526012220008,218.80501999768896,226.75133753525927,280.30358917926526],[134.976624706976,161.86047722944105,70.34367694100385,71.51687536254889,286.92901932584647,310.9334786061859,221.41134432252036,241.90900666674304,376.21419957982255,351.42800906188796,315.0531663024046,352.1221275535561,265.5885688082009,301.61171486265,329.88952707850586,299.62627663973547,226.0942175181164,250.7316097748328,168.55363659905447,155.0307124991187,216.90686576189074,210.93261698799608,140.65332311161228,70.06799378406001,0,83.76056056722906,76.75831816990153,134.7417240112688,158.45444010056133,70.38210243577007,213.3030754545281,140.80794123801564,148.73702621362895,211.28401865107486,275.86020719075714],[128.84903966058897,151.1731870278645,64.21609189461684,147.55883226204338,248.8780501543402,252.61186852484275,183.36037515101407,236.70659826022626,321.9586147419264,313.3770398903817,309.8507578958878,268.36156698632703,181.82800824097177,300.1966260156433,246.12896651127676,215.86571607250636,142.33365695088733,166.97104920760376,84.79307603182541,71.27015193188963,160.4656520483715,137.53216076545968,84.21210939809302,153.82855435128909,83.76056056722906,0,71.55590976338478,201.09805446660283,224.81077055589537,136.73843289110414,234.5565645550481,162.06143033853567,143.5346178071122,209.86892980406816,274.44511834375044],[200.40494942397373,222.72909679124928,135.7720016580016,148.27519353245043,210.17070115594498,234.17516043628433,144.65302615261885,165.1506884968415,299.45588140992106,274.6696908919865,238.29484813250303,291.020719563435,204.48716081807981,228.64071625225853,268.7881190883848,251.48165976338413,177.9496006417651,238.52695897098852,107.45222860893345,142.8260616952744,232.02156181175627,209.08807052884447,155.7680191614778,146.82631195396152,76.75831816990153,71.55590976338478,0,129.54214470321807,153.2548607925106,65.18252312771935,163.00065479166335,90.50552057515091,71.97870804372742,138.31302004068337,202.88920858036568],[210.15104206055912,280.18359642224107,205.08540095227264,140.10994799542027,339.712845859163,363.71730513950234,274.19517085583686,275.79593498906837,428.9980261131391,404.2118355952045,348.9400946247299,420.56286426665315,334.02930552129794,280.3490990920782,398.33026379160293,381.0238044666022,307.4917453449832,368.0691036742066,236.99437331215154,272.3682063984925,350.2080897869004,338.63021523206254,275.39504712288107,70.05979145301337,134.7417240112688,201.09805446660283,129.54214470321807,0,70.07005496643457,64.3596215754987,140.1510658335269,134.7854603777443,201.52085274694548,205.26153779080352,210.2437977262519],[280.2210970269937,320.31491733000234,228.79811704156518,210.18000296185483,280.4096486858027,304.41410796614207,214.8919736824766,210.01905844520417,369.6948289397788,344.9086384218442,280.3978593216305,375.7715368615936,337.8504783525361,210.27904412564357,402.15143662284106,402.361327655326,328.829268533707,391.78181976349913,258.33189650087536,296.080922487785,375.36130586245207,362.3429313213551,299.1077632121736,140.12984641944794,158.45444010056133,224.81077055589537,153.2548607925106,70.07005496643457,0,88.07233766479128,70.08101086709233,69.00858383388008,142.21765557358518,139.48466124693928,140.17374275981734],[205.35872714274603,232.2425796652111,140.72577937677391,141.89897779831895,275.3532242836643,299.35768356400365,209.8355492803382,211.43631341356968,364.6384045376404,339.8522140197058,284.5804730492312,356.2032426911544,269.6696839457992,231.22961242687995,333.9706422161042,316.66418289110345,243.13212376948445,303.7094820987079,172.6347517366528,208.00858482299378,287.28896819766084,274.27059365656385,211.03542554738235,85.84942131995449,70.38210243577007,136.73843289110414,65.18252312771935,64.3596215754987,88.07233766479128,0,142.92097301875805,70.4258388022456,137.1612311714468,140.9019162153048,205.4781047549871],[348.2797001615041,375.16355268396916,283.64675239553196,280.26101382894717,224.04097575924956,294.7256466066104,218.37852406510896,153.43803856858844,313.3261560132256,280.4502328100945,210.31684845453822,366.0830755020619,341.3370287351685,140.19803325855128,405.63798700547346,405.8478780379585,332.3158189163394,399.6741871113745,261.81844688350776,305.82671648693776,395.0222166034196,372.0887253205078,318.76867395314116,210.21085728654026,213.3030754545281,234.5565645550481,163.00065479166335,140.1510658335269,70.08101086709233,142.92097301875805,0,72.49513421651245,145.70420595621755,82.90364137032357,70.09273189272503],[275.78456594499164,302.6684184674567,211.1516181790195,212.32481660056453,211.40106485192263,235.40552413226197,145.8833898485965,141.01047461132407,300.6862451058987,275.9000545879641,214.1546342469856,306.7629530277135,268.841894518656,160.80377362463435,333.14285278896097,333.352743821446,259.820684699827,327.17905289486214,189.32331266699532,233.33158227042532,322.5270823869072,299.5935911039954,246.2735397366287,156.27526012220008,140.80794123801564,162.06143033853567,90.50552057515091,134.7854603777443,69.00858383388008,70.4258388022456,72.49513421651245,0,73.2090717397051,70.4760774130592,135.05226595274152],[272.38365746770114,294.7078048349767,207.75070970172902,220.25390157617784,138.19199311221752,162.1964523925569,72.67431810889141,93.17198045311407,227.4771733661936,202.690982848259,166.31614008877563,233.5538812880084,195.63282277895092,156.6620082085311,259.9337810492559,260.1436720817409,186.61161296012187,253.969981155157,116.11424092729021,181.43604881210325,304.0002698554837,247.69805764567332,227.74672720520522,218.80501999768896,148.73702621362895,143.5346178071122,71.97870804372742,201.52085274694548,142.21765557358518,137.1612311714468,145.70420595621755,73.2090717397051,0,66.33431199695595,130.91050053663827],[338.71796946465713,361.0421168319326,274.085021698685,282.80089401362375,141.13733438892598,211.82200523628677,139.00863010584737,70.53439719826487,230.42251464290206,205.63632412496747,143.6785568339264,283.1794341317383,261.96713477590686,90.32769621157514,326.26809304621185,326.47798407869686,252.9459249570778,320.3042931521129,182.44855292424614,247.77036080905918,370.3345818524396,314.03236964262925,294.08103920216115,226.75133753525927,211.28401865107486,209.86892980406816,138.31302004068337,205.26153779080352,139.48466124693928,140.9019162153048,82.90364137032357,70.4760774130592,66.33431199695595,0,64.57618853968232],[403.2941580043394,425.61830537161495,338.6612102383673,347.377082553306,205.7135229286083,276.3981937759691,203.58481864552968,135.1105857379472,280.5066388821272,210.35750091736946,140.22411656181316,347.7556226714206,326.5433233155892,70.10530136582624,390.8442815858942,391.0541726183792,317.52211349676014,384.88048169179524,247.02474146392848,312.3465493487415,434.91077039212195,378.6085581823116,358.6572277418435,280.30358917926526,275.86020719075714,274.44511834375044,202.88920858036568,210.2437977262519,140.17374275981734,205.4781047549871,70.09273189272503,135.05226595274152,130.91050053663827,64.57618853968232,0]]}